,Metals complex,Energy & import prices complex,Plastics & materials & freight complex,Import prices & chemicals complex,Steel complex,Steel & inflation expectations complex,Orders/demand complex,Chemicals complex,Global tin price
Metals complex,1.0,0.6463414736153849,0.5040481381436198,0.781120339817116,0.6228010510046034,0.7742533316793209,0.6660716974925287,0.5781160245840286,0.6788154863992336
Energy & import prices complex,0.6463414736153849,1.0,0.7705183141390256,0.8455882169645287,0.7787857458273227,0.7046384004404483,0.5083913705530737,0.5578129916765673,0.5454202355775686
Plastics & materials & freight complex,0.5040481381436198,0.7705183141390256,1.0,0.8015028840943498,0.7934460917892237,0.508341549079662,0.7349303702232021,0.7050610229363822,0.518582206093055
Import prices & chemicals complex,0.781120339817116,0.8455882169645287,0.8015028840943498,1.0,0.9013678761597026,0.835652127427529,0.7825836107410862,0.773097178078574,0.7322302443123991
Steel complex,0.6228010510046034,0.7787857458273227,0.7934460917892237,0.9013678761597026,1.0,0.7817116017086145,0.8581760625211623,0.8235803355686898,0.8044444555622992
Steel & inflation expectations complex,0.7742533316793209,0.7046384004404483,0.508341549079662,0.835652127427529,0.7817116017086145,1.0,0.6865436564441993,0.8382271376054542,0.830924957339043
Orders/demand complex,0.6660716974925287,0.5083913705530737,0.7349303702232021,0.7825836107410862,0.8581760625211623,0.6865436564441993,1.0,0.5740610721317606,0.5343782525891031
Chemicals complex,0.5781160245840286,0.5578129916765673,0.7050610229363822,0.773097178078574,0.8235803355686898,0.8382271376054542,0.5740610721317606,1.0,0.7006238777659969
Global tin price,0.6788154863992336,0.5454202355775686,0.518582206093055,0.7322302443123991,0.8044444555622992,0.830924957339043,0.5343782525891031,0.7006238777659969,1.0
